31.219482	34.265503
30.486105	34.558884
30.365001	34.614432
29.501282	34.922729
29.099487	34.641724
28.344116	34.426697
27.823303	34.15448
27.648682	33.921509
27.971497	33.588074
28.417725	33.136902
29.851074	32.423279
29.760498	32.320496
28.705322	32.734924
27.69989	33.348877
26.142273	34.104675
25.598694	34.473877
25.033875	34.795105
23.926697	35.692505
23.752502	35.493713
23.102478	35.526123
22.204895	36.690674
22.000122	36.866272
21.018921	37.188721
20.837524	36.969482
19.808105	37.114685
18.614075	37.481873
18.36792	37.862671
17.998291	38.410095
16.840698	38.990723
15.922729	39.266113
15.43573	39.81427
14.491089	41.179321
13.921082	41.734924
13.344116	42.276917
13.000488	42.589722
12.699707	43.081299
12.390076	43.317871
11.974915	43.286499
11.735718	42.715881
11.462097	43.145325
11.27771	43.470703
10.864319	43.666687
10.445679	44.11792
10.442322	44.614319
10.69812	45.556885
10.816528	46.645508
11.127319	47.525696
11.193115	48.021729
11.375488	48.378906
11.410706	48.948303
11.430481	49.267883
11.578918	49.728699
11.679688	50.258911
12.021912	50.732117
12.024719	51.111328
11.748291	51.133911
11.166504	51.041504
10.64093	51.045288
10.279724	50.83429
9.19873	50.55249
8.081726	50.070923
6.804688	49.452698
5.339111	48.594482
4.219482	47.740906
2.855286	46.56488
2.045898	45.564087
1.052917	44.068298
0.292297	43.136108
-0.919189	42.041687
-1.446411	41.811096
-1.683228	41.585083
-2.08252	40.884888
-2.499817	40.637878
-2.57312	40.263123
-3.27771	40.121277
-3.681091	39.80011
-4.346497	39.604919
-4.676697	39.202271
-5.908875	38.740479
-6.475586	38.799683
-6.840027	39.440125
-7.099976	39.470093
-7.703918	39.194702
-8.007813	39.252075
-8.485474	39.186523
-9.112305	39.535889
-10.098389	39.949707
-10.317078	40.316711
-10.765381	40.478516
-11.761719	40.437317
-12.639099	40.560913
-14.201904	40.59967
-14.691711	40.775513
-15.406311	40.477295
-16.100708	40.089294
-16.720886	39.452698
-17.101013	38.53833
-17.586304	37.411072
-18.659607	36.281311
-18.842285	35.896484
-19.552795	35.198486
-19.783997	34.786499
-20.497009	34.701904
-21.254272	35.176086
-21.84082	35.373474
-22.140015	35.385925
-22.090027	35.562683
-23.070801	35.533875
-23.535278	35.371887
-23.706482	35.607483
-24.12262	35.458679
-24.478271	35.04071
-24.816284	34.215881
-25.357483	33.013306
-25.727295	32.574707
-26.148499	32.660278
-26.215881	32.916077
-26.742188	32.830078
-27.470093	32.580322
-28.301025	32.46228
-28.75238	32.203491
-29.257385	31.521118
-29.401978	31.325684
-29.909912	30.901672
-30.423706	30.622925
-31.140198	30.055725
-32.171997	28.925476
-32.771912	28.219727
-33.22699	27.464722
-33.614929	26.419495
-33.666992	25.909729
-33.94458	25.780701
-33.796875	25.172913
-33.987183	24.677917
-33.794495	23.594116
-33.916382	22.988281
-33.864075	22.57428
-34.258789	21.542908
-34.417175	20.689087
-34.795105	20.071289
-34.819092	19.616516
-34.462585	19.193298
-34.444275	18.855286
-33.997803	18.424683
-34.136475	18.377502
-33.867676	18.244507
-33.281372	18.250122
-32.611206	17.925293
-32.429077	18.247925
-31.661621	18.22168
-30.725708	17.566895
-29.878601	17.064514
-29.875977	17.062927
-28.576721	16.345093
-27.821228	15.601929
-27.090881	15.21051
-26.11731	14.989685
-25.392883	14.743286
-23.853027	14.408081
-22.656677	14.385681
-22.111206	14.25769
-21.698975	13.868713
-20.872803	13.352478
-19.673096	12.826904
-19.045288	12.608704
-18.069092	11.794922
-17.30188	11.734314
-16.673096	11.640076
-15.793823	11.778687
-14.878296	12.123718
-14.449097	12.17572
-13.547729	12.500122
-13.137878	12.738525
-12.483582	13.312927
-12.038574	13.633728
-11.297791	13.738708
-10.731079	13.686523
-10.373596	13.387329
-9.766907	13.121094
-9.16687	12.875488
-8.959106	12.929077
-8.562622	13.236511
-7.596497	12.933105
-6.927124	12.728271
-6.294373	12.227478
-6.100098	12.32251
-5.789917	12.182312
-5.037903	11.9151
-3.978821	11.093689
-2.969482	10.066284
-2.144287	9.405273
-1.111328	8.798096
-0.778992	8.830078
-0.45929	9.048523
0.268677	9.291321
1.010071	9.49292
1.160889	9.305725
2.283875	9.649292
3.073486	9.795288
3.734497	9.40448
3.904114	8.94812
4.352295	8.744873
4.495728	8.488892
4.772095	8.500305
4.412109	7.462097
4.464722	7.082703
4.240723	6.69812
4.262512	5.898315
4.888123	5.362915
5.611877	5.033691
6.270691	4.325684
6.258301	3.57428
6.258911	2.691711
6.142273	1.865295
5.928894	1.06012
5.343506	-0.507629
5.000488	-1.063599
4.71051	-1.964722
4.994507	-2.856079
4.984314	-3.311096
5.179871	-4.008789
5.168274	-4.649902
4.993713	-5.834412
4.705078	-6.528687
4.338318	-7.518921
4.364685	-7.712097
4.355896	-7.974121
4.83252	-9.004822
5.593689	-9.913391
6.140686	-10.765381
6.785889	-11.438782
6.860107	-11.708191
7.262878	-12.428101
7.798706	-12.948975
8.163879	-13.124023
8.903076	-13.246521
9.494873	-13.685181
9.886292	-14.073975
10.015686	-14.330078
10.214478	-14.579712
10.656311	-14.693176
10.876709	-14.839478
11.040527	-15.13031
11.458496	-15.664185
11.524719	-16.085205
11.806519	-16.314697
11.958679	-16.308899
12.170898	-16.61377
12.384888	-16.677429
13.151489	-16.841492
13.595093	-16.713684
14.373474	-17.126099
14.729675	-17.625
14.919495	-17.185181
15.621521	-16.700684
16.135071	-16.463013
16.673889	-16.549683
17.167114	-16.270508
18.108521	-16.146301
19.09668	-16.256897
19.593872	-16.377625
20.092529	-16.277771
20.567871	-16.536316
20.999878	-17.063416
21.422302	-17.020386
21.885681	-16.973206
22.158325	-16.589111
22.679321	-16.261902
23.017883	-16.326416
23.723511	-15.982605
24.359131	-15.426025
24.520325	-15.089294
25.103516	-14.824585
25.636292	-14.800903
26.254517	-14.43988
26.618896	-13.773804
27.640076	-13.139893
28.03833	-12.618774
28.148682	-11.688904
28.832275	-10.900879
29.098694	-10.399597
29.933716	-9.564819
31.177673	-9.814697
32.038086	-9.434814
32.564697	-9.30072
33.240295	-8.65741
33.697083	-7.654175
34.110474	-6.912476
35.145874	-6.244324
35.760071	-5.929993
35.75531	-5.193787
35.330688	-4.591003
35.399902	-3.640076
35.179077	-2.604309
35.168518	-2.169922
35.714905	-1.208618
35.888672	-0.12738
36.301331	0.503906
36.605713	1.466919
36.783875	3.161682
36.865112	4.815674
36.716492	5.320129
37.110718	6.261902
37.11853	7.330505
36.885681	7.737122
36.946472	8.421082
37.350098	9.510071
37.230103	10.210083
36.724121	10.180725
37.092102	11.028931
36.900085	11.100098
36.410095	10.600098
35.94751	10.593323
35.699097	10.939514
34.833496	10.807922
34.330688	10.149719
33.785889	10.339722
33.768677	10.856873
33.293274	11.108521
33.137085	11.488892
32.792908	12.66333
32.878906	13.083313
32.712097	13.918701
32.265076	15.245728
31.376282	15.713928
31.182312	16.611694
30.763489	18.021118
30.266479	19.086487
30.525879	19.574097
30.985901	20.053284
31.751892	19.820313
32.238281	20.134094
32.706909	20.854492
32.843323	21.543091
32.638489	22.895874
32.191528	23.236877
32.187317	23.609131
32.016724	23.92749
31.899475	24.921082
31.569275	25.164917
31.585693	26.4953
31.321289	27.457703
31.025879	28.4505
30.870117	28.913513
31.18689	29.683472
31.473511	30.095093
31.555908	30.976929
31.429688	31.68811
30.933716	31.96051
31.260315	32.192505
31.024109	32.993896
30.967529	33.773499
31.219482	34.265503

	

	