36.965088	53.825928
37.198914	53.921692
37.906128	53.735474
38.952087	53.88092
39.29071	53.101074
39.975281	53.35791
40.033691	52.694092
40.876526	52.915283
40.631104	53.858276
40.951111	54.736877
41.551331	54.008301
42.123291	53.72168
41.868103	52.916687
41.135498	52.814697
41.783325	52.502502
42.027283	52.446289
42.443909	52.692078
42.792297	52.501526
43.133118	51.342529
44.031128	50.891296
44.284119	50.339111
44.609924	50.305725
44.514893	51.278503
45.246094	51.316895
45.408508	52.16748
45.259094	53.040894
46.23468	53.220886
46.853088	53.042725
46.804688	52.042114
47.048706	51.192078
46.609131	50.034119
46.399475	49.101318
45.806274	48.645508
45.641479	47.675903
44.609314	46.682129
43.660278	47.590881
42.986694	47.492493
41.808899	48.584473
41.282288	49.110291
40.572876	49.618896
40.526306	50.0849
40.256531	50.392883
40.176086	49.569275
39.399475	49.395325
39.049316	49.223328
38.815491	48.856506
38.320313	48.883301
37.582886	49.199707
37.374695	50.147888
36.872925	50.842285
36.7005	52.264099
36.965088	53.825928
29.501282	34.922729
30.365001	34.614432
30.486105	34.558884
31.219482	34.265503
31.548889	34.556519
31.60553	34.488098
32.072876	34.752686
32.827515	34.955505
33.080688	35.098511
33.090881	35.126099
33.905518	35.4823
34.610107	35.979675
34.644897	35.998474
35.410095	35.90509
35.821472	36.149902
36.275085	35.782104
36.650696	36.160889
36.565491	35.551086
36.795471	34.714478
36.220093	34.026917
36.107483	32.509277
36.644287	31.699707
36.677917	30.621704
36.263123	30.391113
36.144287	29.700073
36.67688	28.73291
36.658875	27.641296
37.653503	27.048889
38.20813	26.318298
38.985901	26.804688
39.463684	26.170898
40.420105	27.28009
40.460083	28.820129
41.220093	29.240112
41.087708	31.145874
41.736328	32.348083
42.019104	33.513306
42.040283	35.167725
41.33551	36.913086
40.94873	38.347717
41.102905	39.512695
41.013672	40.373474
41.535706	41.554077
41.963074	41.703308
42.645081	41.453491
43.013672	40.875488
43.128723	40.321472
43.43512	39.955078
44.28009	38.680115
44.657288	37.539124
45.24469	36.675476
45.40448	37.40332
46.240906	38.233093
46.636719	37.673706
47.044678	39.147705
47.263489	39.121277
47.102295	38.223694
47.022278	37.42511
46.69873	36.759888
46.645874	35.82373
46.273315	34.96228
45.651306	35.020874
45.410095	35.510071
45.470093	36.53009
45.113281	36.334717
44.940125	35.240112
44.361511	33.882507
44.56488	33.326477
45.034912	33.546875
45.327515	32.454285
45.519287	32.63092
45.851685	33.588074
46.080688	33.298706
46.333496	31.74408
46.706299	31.675293
46.58313	30.748901
46.032471	30.377686
45.293274	29.603271
45.035522	29.626526
44.820313	29.141724
44.913879	28.837891
43.70752	28.558105
43.293274	28.039124
42.577881	27.673889
42.007507	27.996704
41.622925	28.115479
41.299927	28.988525
41.054871	28.806519
40.999878	27.61908
40.690674	27.192505
40.1521	26.358093
40.617676	26.043274
40.824097	26.056885
40.852478	25.447693
40.947083	24.925903
40.687073	23.714905
40.125122	24.408081
39.962097	23.900085
39.961121	23.343079
40.476074	22.814087
40.256531	22.626282
39.659302	22.84967
39.190125	23.350098
38.970886	22.973083
38.510071	23.53009
38.220093	24.025085
37.65509	24.0401
37.920105	23.115112
37.410095	23.410095
37.305115	22.775085
36.422485	23.154297
36.410095	22.490112
36.845093	21.670105
37.645081	21.295105
38.310303	21.120117
38.770081	20.730103
39.340271	20.217712
39.625122	20.150085
39.695129	19.980103
39.9151	19.960083
40.250916	19.406128
40.727295	19.319092
41.409485	19.403687
41.720093	19.5401
41.877686	19.371887
41.955078	19.162476
42.281494	18.88208
42.480103	18.450073
42.850098	17.509888
43.210083	16.930115
43.507324	16.015503
44.243286	15.1745
44.317871	15.376282
44.738525	14.920288
45.076111	14.901672
45.233887	14.258728
44.802124	13.952271
45.137085	13.657104
45.484131	13.679504
45.500305	13.715088
45.591125	13.937683
45.736694	13.141724
45.381897	12.328674
44.885498	12.383911
44.600525	12.261475
44.091492	12.589294
43.587708	13.526917
42.761108	14.029907
41.955078	15.1427
41.961304	15.926331
41.740295	16.169922
41.541077	15.889282
41.179688	16.785095
40.877075	17.519287
40.355713	18.376709
40.168884	18.480286
39.810913	18.293518
40.27771	17.738525
40.442322	16.86969
39.795471	16.44873
39.424683	17.171509
38.902893	17.052917
38.843689	16.635071
37.985901	16.101074
37.908875	15.684082
38.214722	15.68811
38.750916	15.89209
38.964478	16.109314
39.544128	15.718872
40.048279	15.413696
40.173096	14.998474
40.604675	14.703308
40.786499	14.06073
41.188293	13.628113
41.253113	12.888123
41.704529	12.106689
42.35553	11.191895
42.931519	10.512085
43.920105	10.200073
44.036316	9.702515
44.366272	8.888916
44.231323	8.428711
43.767273	7.850891
43.693909	7.435303
43.128906	6.529297
43.399719	4.556885
43.075317	3.100525
42.473083	2.986084
41.89209	3.03949
41.226074	2.091919
41.014709	0.810486
40.678284	0.721313
40.124084	0.106689
39.31012	-0.278687
38.738525	0.111328
38.29248	-0.467102
37.642273	-0.683411
37.443115	-1.438293
36.674072	-2.146423
36.658875	-3.41571
36.677917	-4.368896
36.324707	-4.995178
35.946899	-5.377075
36.029907	-5.866394
36.367676	-6.236694
36.942871	-6.520203
37.0979	-7.453674
36.838318	-7.855591
36.978882	-8.382813
36.868896	-8.898804
37.651489	-8.746094
38.266296	-8.840027
38.358521	-9.287476
38.737488	-9.526489
39.39209	-9.446899
39.755127	-9.048279
40.159302	-8.977295
40.760681	-8.768677
41.184326	-8.790771
41.543518	-8.990784
41.880676	-9.03479
42.592896	-8.984375
43.026672	-9.392883
43.748474	-7.97821
43.567871	-6.754517
43.57428	-5.411804
43.403503	-4.347778
43.455872	-3.517517
43.422913	-1.901306
44.022705	-1.384216
46.014893	-1.193787
47.064514	-2.225708
47.570313	-2.963196
47.955078	-4.491577
48.684082	-4.592285
48.901672	-3.295776
48.64447	-1.616516
49.776489	-1.933411
49.347473	-0.98938
50.127319	1.338684
50.946716	1.639099
51.148499	2.513489
51.345886	3.315125
51.620483	3.830322
53.091919	4.706116
53.510498	6.07428
53.4823	6.905273
53.693909	7.100525
53.748291	7.936279
53.527893	8.121704
54.020874	8.80072
54.395691	8.572083
54.962891	8.526306
55.5177	8.1203
56.5401	8.090088
56.81012	8.256714
57.110107	8.543518
57.172119	9.4245
57.447876	9.775696
57.730103	10.580078
57.215881	10.546082
56.890076	10.250122
56.610107	10.370117
56.458679	10.912292
56.081482	10.667908
56.190125	10.370117
55.470093	9.650085
54.983093	9.921875
54.59668	9.939697
54.363708	10.950073
54.008728	10.939514
54.196472	11.956299
54.47052	12.518494
54.0755	13.647522
53.75708	14.11969
54.05072	14.802917
54.513306	16.363525
54.851685	17.622925
54.682678	18.620911
54.438721	18.696289
54.426086	19.660706
54.866089	19.888489
55.190491	21.268494
56.031128	21.055908
56.783875	21.090515
57.411926	21.581909
57.753479	22.524475
57.006287	23.318481
57.025696	24.120728
57.793518	24.312927
58.383484	24.429077
58.257507	24.061279
58.612671	23.426697
59.187317	23.339905
59.465881	24.604309
59.611084	25.864319
59.445923	26.94928
59.475525	27.981079
60.028076	29.117676
60.503479	28.070129
60.423889	26.25531
60.057312	24.496704
59.846497	22.86969
60.391907	22.290894
60.720276	21.322327
61.705322	21.544922
62.607483	21.059326
63.18988	21.536072
63.817871	22.442688
64.902283	24.73053
65.111511	25.398071
65.534485	25.294128
66.006897	23.903503
65.723877	22.183289
65.026123	21.213501
64.413696	21.36969
63.60968	19.778931
62.749512	17.8479
61.341309	17.11969
60.636719	17.831482
60.081909	18.78772
58.953918	17.869324
58.71991	16.829285
57.041077	16.447693
56.104309	15.879883
56.200928	14.666687
55.407898	14.100708
55.361877	12.942871
56.307129	12.625122
57.441895	11.788086
58.856079	11.027283
59.46991	10.356689
58.313293	8.38208
58.078918	7.048889
58.588074	5.665894
59.66333	5.308289
61.97113	4.992126
62.614502	5.912903
63.454102	8.553528
64.486084	10.52771
65.8797	12.358276
67.81073	14.761292
68.563293	16.435913
69.817505	19.184082
70.25531	21.378479
70.202087	23.023682
71.030518	24.546692
70.986328	26.370117
71.185486	28.165527
70.453918	31.293518
70.186279	30.005493
69.558105	31.101074
69.905884	32.13269
69.301514	33.775513
69.063477	36.514099
67.932495	40.29248
67.457275	41.059875
66.791687	41.126099
66.266296	40.01593
65.999512	38.382874
66.759705	33.918701
66.632507	33.184509
65.900085	34.81488
64.41449	34.943909
64.109497	36.231323
63.849915	37.012878
64.334717	37.14209
64.780273	36.5177
65.143311	37.176086
64.520874	39.593506
64.764526	40.43573
65.496887	39.762695
66.476318	42.093079
66.418701	43.016113
66.069092	43.94989
66.756287	44.532288
67.352478	43.698486
67.9505	44.187927
68.570923	43.452881
68.250122	46.250122
67.68988	46.821289
67.566528	45.555298
67.010071	45.562073
66.667725	46.349121
66.884521	47.894287
67.522522	48.138672
67.998718	50.227722
68.857483	53.717529
68.808289	54.47168
68.201294	53.485901
68.097107	54.726318
68.438721	55.442688
68.466309	57.317078
68.88092	58.802124
68.278503	59.941528
68.940674	61.077881
69.520081	60.03009
69.850098	60.55011
69.547485	63.504089
69.234924	64.888123
68.092285	68.512085
68.615723	69.180725
69.144287	68.16449
69.356506	68.135315
69.454712	66.930115
69.928711	67.259888
70.708923	66.724915
71.029114	66.694702
71.934509	68.5401
72.843506	69.196289
73.0401	69.940125
72.776306	72.587524
72.220093	72.796082
71.409119	71.848083
71.090271	72.470093
70.391113	72.79187
69.020874	72.564697
68.407898	73.667908
67.740479	73.238708
66.320129	71.28009
66.172729	72.423096
66.532715	72.820679
66.78949	73.921082
67.284302	74.186523
67.760498	75.052124
68.329102	74.469299
68.989319	74.935913
69.071472	73.842285
69.627686	73.601929
70.631897	74.399902
71.447083	73.101074
72.121277	74.89093
72.832275	74.659302
72.855103	75.158081
72.300476	75.683472
71.335693	75.289124
71.152893	76.359131
71.874084	75.903076
72.267273	77.576721
72.320129	79.6521
71.750122	81.500122
72.582886	80.610718
73.648315	80.511108
73.850098	82.250122
73.805908	84.655273
73.93689	86.822327
74.459717	86.009705
75.116516	87.16687
75.143921	88.315674
75.640076	90.260071
75.773315	92.900696
76.047302	93.234314
76.140076	95.860107
75.915527	96.678284
76.446899	98.922485
76.430298	100.759705
76.861877	101.035278
77.287476	101.990906
77.697876	104.351685
77.373901	106.066711
77.127502	104.705078
76.974304	106.970276
76.480103	107.240112
76.723328	108.153931
76.710083	111.077271
76.22229	113.331482
75.847717	114.134277
75.327881	113.885498
75.031921	112.779297
74.476685	110.151306
74.180115	109.400085
74.0401	110.640076
73.78772	112.119324
73.976929	113.01947
73.335083	113.529724
73.59491	113.968872
73.75293	115.567871
73.587708	118.776306
73.120117	119.020081
72.971313	123.200684
73.735107	123.257874
73.56012	125.380127
73.565491	126.976501
73.038696	128.591309
72.398682	129.051697
71.980103	128.460083
71.193115	129.716125
70.787109	131.288696
71.836304	132.253479
71.386475	133.857727
71.655273	135.562073
71.347717	137.497681
71.628113	138.234131
71.487915	139.869873
72.416321	139.147888
72.849487	140.468079
72.200073	149.500122
71.606506	150.351318
70.842285	152.968872
71.031494	157.006897
70.866699	158.997925
70.453308	159.830322
69.722107	159.708679
69.437317	160.940674
69.64209	162.279114
69.668274	164.05249
69.472107	165.940491
69.582703	167.835693
68.693909	169.577698
69.013672	170.816895
69.652893	170.008301
70.097107	170.453491
69.817505	173.643921
69.877319	175.724121
69.400085	178.600098
68.963722	180
64.979584	180
64.974304	179.99292
64.534912	178.707275
64.608276	177.411316
64.075928	178.31311
63.252075	178.908325
62.982727	179.370483
62.569092	179.486511
62.304077	179.228271
62.521912	177.364319
61.769287	174.569275
61.65271	173.680115
60.950073	172.150085
60.336304	170.698486
59.881897	170.330872
60.573486	168.900513
59.788696	166.295105
60.160095	165.840088
59.731689	164.876892
59.868713	163.539307
59.211121	163.217102
58.243286	162.017273
57.839111	162.053101
57.615112	163.191895
56.159302	163.057922
56.122314	162.1297
55.285706	161.701477
54.855286	162.117493
54.344482	160.368896
53.202698	160.021729
52.958679	158.530884
51.942688	158.231323
51.011108	156.789917
51.700073	156.420105
53.158875	155.991882
55.381104	155.433716
56.767883	155.91449
57.364685	156.758301
57.832092	156.810486
58.055725	158.364319
59.31488	160.150696
60.343079	161.87207
61.14093	163.669678
62.55072	164.473694
62.466309	163.258484
61.642517	162.657898
60.544312	160.121521
61.774109	159.302307
61.434509	156.720703
59.758301	154.218079
59.145081	155.043884
58.883911	152.81189
58.780884	151.265686
59.504089	151.338074
59.655701	149.783691
59.16449	148.544922
59.336487	145.487305
59.0401	142.197876
57.088074	138.958496
54.729675	135.126282
54.603699	136.701721
53.977295	137.193481
53.755127	138.164673
54.2547	138.804688
54.189697	139.901489
53.089722	141.345276
52.238892	141.379272
51.239685	140.597473
50.045471	140.513123
48.446716	140.062073
46.999695	138.554688
46.307922	138.219727
45.143494	136.862305
43.989075	135.51532
43.398315	134.869507
42.811523	133.536926
42.798523	132.906311
43.284485	132.278076
42.552673	130.935913
42.220093	130.78009
42.28009	130.400085
41.941284	129.965881
41.601074	129.66748
40.882874	129.705322
40.661926	129.18811
40.485474	129.010498
40.18988	128.633484
40.025513	127.967529
39.756897	127.533508
39.323914	127.502075
39.213501	127.385498
39.050903	127.783325
38.612305	128.34967
37.432495	129.212891
36.784302	129.46051
35.63208	129.468323
35.08252	129.091492
34.890503	128.185913
34.475708	127.386475
34.390076	126.485718
34.934692	126.373901
35.684692	126.559326
36.725525	126.117493
36.893921	126.860291
37.749695	126.174683
37.940125	125.689087
37.752075	125.568481
37.669128	125.27533
37.8573	125.240112
37.948914	124.981079
38.108276	124.71228
38.548523	124.986084
38.665894	125.221924
38.848694	125.132874
39.387878	125.386719
39.551514	125.321106
39.660278	124.737488
39.928528	124.265686
39.637878	122.867676
39.170471	122.131531
38.897522	121.054688
39.360901	121.586121
39.750305	121.376892
40.422485	122.168701
40.946472	121.640503
40.593506	120.768677
39.898071	119.639709
39.252319	119.023499
39.204285	118.042725
38.737671	117.532715
38.061523	118.059692
37.897278	118.878296
37.448486	118.911682
37.156494	119.702881
37.870483	120.823486
37.481079	121.711304
37.454529	122.35791
36.930725	122.520081
36.651306	121.104309
36.111511	120.637085
35.609924	119.664673
34.909912	119.151306
34.360474	120.227478
33.376709	120.620483
32.460327	121.229126
31.692322	121.908081
30.94928	121.891907
30.676331	121.264282
30.142883	121.503479
29.83252	122.092102
29.018127	121.938477
28.225525	121.684509
28.135681	121.125671
27.053284	120.395508
25.740906	119.58551
24.547485	118.656921
23.624512	117.281677
22.782898	115.890686
22.668091	114.763916
22.223877	114.152527
22.548279	113.806885
22.051514	113.241089
21.550476	111.843689
21.397278	110.785522
20.341125	110.444092
20.282471	109.889893
21.008301	109.627686
21.395081	109.864502
21.715271	108.522888
21.55249	108.050293
20.696899	106.715088
19.752075	105.881714
19.058289	105.662109
18.004089	106.42688
16.69751	107.361877
16.079712	108.26947
15.276672	108.877075
13.426086	109.335327
11.66687	109.200073
11.008301	108.366089
10.364502	107.220886
9.530884	106.40509
8.59967	105.158325
9.241089	104.795288
9.918518	105.076294
10.486694	104.334473
10.63269	103.497314
11.153687	103.090698
12.186707	102.585083
12.645874	101.687073
12.627075	100.831909
13.41272	100.978516
13.406921	100.0979
12.307129	100.018677
10.846497	99.478882
9.963074	99.153687
9.239319	99.222473
9.207886	99.873901
8.295288	100.279724
7.429688	100.45929
6.856873	101.017273
6.740723	101.623108
6.22168	102.141296
6.128296	102.371277
5.524475	102.961731
4.855103	103.381287
4.181702	103.438721
3.726685	103.332092
3.382874	103.429504
2.791077	103.502502
2.515503	103.854675
1.631287	104.247925
1.293091	104.228882
1.226318	103.519714
1.967102	102.57373
2.760925	101.390686
3.270325	101.273682
3.939087	100.695496
4.767273	100.557495
5.3125	100.196716
6.04071	100.306274
6.464478	100.085876
6.848328	99.690674
7.343506	99.519714
7.908081	98.988281
8.382324	98.503906
7.794495	98.339722
8.350098	98.150085
8.973877	98.259277
9.933105	98.553528
10.675293	98.457275
11.441284	98.764526
12.033081	98.428284
13.122498	98.509705
13.640503	98.103699
14.83728	97.77771
16.100708	97.597107
16.928711	97.164673
16.427307	96.50592
15.714478	95.369324
15.803528	94.808472
16.038086	94.188904
17.277283	94.533508
18.213501	94.32489
19.366516	93.541077
19.727112	93.66333
19.855286	93.078308
20.670898	92.36853
21.192322	92.082886
21.701721	92.02533
22.182922	91.8349
22.765076	91.417114
22.805115	90.496094
22.392883	90.587097
21.836487	90.272888
22.039124	89.847473
21.857117	89.702087
21.966309	89.418884
22.055725	89.032104
21.690674	88.888916
21.703308	88.208496
21.495483	86.975708
20.743286	87.033081
20.151672	86.499329
19.478699	85.060303
18.302124	83.941101
17.671326	83.18927
17.016724	82.192871
16.556702	82.191284
16.310303	81.692688
15.952087	80.792114
15.899292	80.32489
15.136475	80.025085
13.835876	80.233276
13.006287	80.286316
12.056274	79.862488
10.3573	79.858093
10.308899	79.340515
9.546082	78.885498
9.216675	79.189697
8.933105	78.278076
8.25293	77.941284
7.965515	77.539917
8.899292	76.593079
10.299683	76.130127
11.308289	75.746521
11.781311	75.396118
12.741882	74.864929
13.992676	74.616699
14.61731	74.443909
15.990723	73.534302
17.928711	73.119873
19.208313	72.820923
20.419495	72.824524
21.356079	72.630676
20.757507	71.175293
20.877319	70.47052
22.089294	69.164124
22.450684	69.644897
22.843323	69.34967
23.692078	68.176697
23.944885	67.443726
24.663696	67.145508
25.425293	66.372925
25.237122	64.530518
25.218506	62.905701
25.078308	61.497498
25.380127	59.616089
25.610107	58.525879
25.739929	57.397278
26.966125	56.970886
27.143311	56.492126
26.964722	55.723694
26.480713	54.715088
26.8125	53.493103
27.580872	52.483704
27.865723	51.520874
28.814514	50.853088
30.147888	50.115112
29.985718	49.576904
30.317078	48.941284
29.92688	48.568115
29.975891	47.974487
29.534485	48.183289
29.306274	48.093872
28.552124	48.416077
27.689697	48.807678
27.461304	49.299683
27.110107	49.470886
26.689697	50.152527
26.2771	50.213074
25.944092	50.113281
25.608093	50.239929
25.327881	50.527527
24.999878	50.660706
24.754883	50.81012
25.482483	50.743896
26.00708	51.013489
26.114685	51.286499
25.801086	51.589111
25.215698	51.606689
24.627502	51.389709
24.245483	51.579529
24.294128	51.757507
24.019897	51.794495
24.17749	52.577087
24.151306	53.404114
24.121887	54.008118
24.797913	54.693115
25.439087	55.439087
26.055481	56.070923
26.395874	56.362122
26.309082	56.485718
25.896118	56.391479
25.714722	56.261108
24.924683	56.396912
24.241699	56.845276
23.878723	57.403503
23.747925	58.137085
23.565674	58.729309
22.992493	59.180481
22.660278	59.450073
22.533691	59.808105
22.310486	59.806274
21.714478	59.442322
21.433899	59.282471
21.114075	58.861084
20.429077	58.488098
20.481506	58.034302
20.243103	57.826477
19.736084	57.665894
19.067688	57.788696
18.944702	57.694519
18.94812	57.234314
18.57428	56.60968
18.087097	56.512329
17.876099	56.283508
17.884277	55.661499
17.632324	55.270081
17.228271	55.274902
16.950684	54.791077
17.045105	54.239319
16.707703	53.570496
16.651123	53.108704
16.382507	52.385315
15.938477	52.191711
15.597473	52.168274
15.175293	51.172485
14.708679	49.574707
14.003296	48.679321
13.94812	48.239075
14.007324	47.938904
13.592285	47.354492
13.399719	46.717102
13.3479	45.877686
13.291077	45.625122
13.026917	45.406494
12.953918	45.144287
12.699707	44.989685
12.72168	44.49469
12.585876	44.17511
12.636902	43.483093
13.220886	43.2229
13.7677	43.251526
14.062683	43.088074
14.802307	42.892273
15.213318	42.604919
15.262085	42.805115
15.718872	42.702515
15.911682	42.82373
16.3479	42.77948
16.774719	42.649719
17.075928	42.348083
17.47467	42.270874
17.83313	41.754517
18.671692	41.221497
19.486511	40.93927
20.174683	40.247681
20.338928	39.801697
21.29187	39.139526
21.986877	39.023682
22.579712	39.066284
23.688477	38.49292
24.078674	38.023926
24.285522	37.483704
24.858521	37.154907
25.084473	37.209473
25.603088	36.931702
25.826294	36.639709
26.570129	36.249084
27.376526	35.64032
28.063477	35.13031
28.058472	34.632324
28.607483	34.787903
28.95752	34.832275
29.356689	34.956116
29.501282	34.922729

	
